6754016,11.2,	7551,	04-04-2024 00:00,	317,	637840,	2
6754016,2.8,	7551,	05-04-2024 00:00,	317,	639081,	2
6754016,11.2,	7551,	09-04-2024 00:00,	317,	640188,	2
6754016,-50.4,	7551,	23-06-2024 09:03,	317,	635012,	2
6754016,11.2,	7551,	04-04-2024 00:00,	317,	637840,	3
6754016,2.8,	7551,	05-04-2024 00:00,	317,	639081,	3
6754016,11.2,	7551,	09-04-2024 00:00,	317,	640188,	3
6754016,8.4,	7551,	08-04-2024 00:00,	317,	641083,	3
6754016,16.8,	7551,	09-04-2024 00:00,	317,	642936,	3
6754016,-50.4,	7551,	23-06-2024 09:03,	317,	635012,	3
